0
2.26995249869773
4.04508497187474
4.93844170297569
4.75528258147577
3.53553390593274
1.54508497187474
-0.782172325201156
-2.93892626146237
-4.45503262094184
-5
-4.45503262094184
-2.93892626146237
-0.782172325201156
1.54508497187474
3.53553390593274
4.75528258147577
4.93844170297569
4.04508497187474
2.26995249869773
1.83697019872103e-15
-2.26995249869774
-4.04508497187473
-4.93844170297569
-4.75528258147577
-3.53553390593274
-1.54508497187474
0.782172325201148
2.93892626146237
4.45503262094183
5
4.45503262094184
2.93892626146237
0.782172325201162
-1.54508497187474
-3.53553390593274
-4.75528258147576
-4.93844170297569
-4.04508497187473
-2.26995249869775
-3.67394039744206e-15
2.26995249869773
4.04508497187474
4.93844170297569
4.75528258147578
3.53553390593273
1.54508497187475
-0.782172325201137
-2.93892626146236
-4.45503262094184
-5
-4.45503262094185
-2.93892626146237
-0.782172325201164
1.54508497187472
3.53553390593272
4.75528258147577
4.93844170297569
4.04508497187476
2.26995249869773
5.51091059616309e-15
-2.26995249869774
-4.04508497187473
-4.93844170297569
-4.75528258147577
-3.53553390593275
-1.54508497187475
0.782172325201135
2.93892626146238
4.45503262094183
5
4.45503262094185
2.93892626146240
0.782172325201148
-1.54508497187472
-3.53553390593274
-4.75528258147577
-4.93844170297570
-4.04508497187476
-2.26995249869772
-7.34788079488412e-15